Benchmarks	system.cpu.cpi	system.cpu.dcache.overall_miss_rate::total	system.cpu.icache.overall_miss_rate::total	system.l2.overall_miss_rate::total
specbzip2_0	1.639965	0.013206	0.000070	0.436017
specbzip2_1	1.580755	0.012740	0.000053	0.174217
specbzip2_2	1.611632	0.013210	0.000070	0.356781
specbzip2_3	1.602634	0.012760	0.000053	0.229714
specbzip2_5	1.686691	0.017790	0.000063	0.226426
specbzip2_6	1.633673	0.012758	0.000053	0.324427
specbzip2_10	1.589691	0.012757	0.000053	0.196260
specbzip2_11	1.580755	0.012740	0.000053	0.174217
specbzip2_16	1.556701	0.009755	0.000052	0.231584
